20
188
0 17
0 5
0 7
0 13
0 6
0 15
0 8
1 0
1 8
1 13
1 7
2 13
2 8
2 12
2 4
2 0
2 3
2 17
3 4
3 17
3 15
4 18
4 5
4 13
4 1
4 16
4 10
4 6
5 7
5 10
5 0
5 6
5 16
6 10
6 13
6 18
6 11
7 16
7 0
7 18
7 8
7 3
8 1
8 17
8 15
8 0
8 2
9 6
9 2
9 15
10 6
10 8
10 11
11 6
11 3
11 2
11 9
11 12
11 0
11 18
11 1
12 3
12 17
12 8
12 19
12 18
13 11
13 15
13 2
13 0
14 6
14 12
14 19
15 6
16 10
16 11
16 9
16 0
16 4
16 12
16 7
16 2
17 7
17 11
17 6
17 5
17 3
18 10
18 11
18 7
19 13
19 16
19 2
19 1
17 0
5 0
7 0
13 0
6 0
15 0
8 0
0 1
8 1
13 1
7 1
13 2
8 2
12 2
4 2
0 2
3 2
17 2
4 3
17 3
15 3
18 4
5 4
13 4
1 4
16 4
10 4
6 4
7 5
10 5
0 5
6 5
16 5
10 6
13 6
18 6
11 6
16 7
0 7
18 7
8 7
3 7
1 8
17 8
15 8
0 8
2 8
6 9
2 9
15 9
6 10
8 10
11 10
6 11
3 11
2 11
9 11
12 11
0 11
18 11
1 11
3 12
17 12
8 12
19 12
18 12
11 13
15 13
2 13
0 13
6 14
12 14
19 14
6 15
10 16
11 16
9 16
0 16
4 16
12 16
7 16
2 16
7 17
11 17
6 17
5 17
3 17
10 18
11 18
7 18
13 19
16 19
2 19
1 19
6