25
110
0 2
0 13
1 2
2 11
2 21
3 5
3 18
3 18
4 10
4 22
5 10
6 22
6 23
6 18
7 0
8 16
9 11
10 1
10 15
10 19
11 3
11 0
11 9
12 13
12 3
13 20
14 9
14 2
14 21
14 1
15 21
15 24
15 8
16 17
16 7
17 21
17 8
18 24
18 5
18 21
19 4
19 15
19 3
19 23
20 10
20 4
21 17
21 4
21 22
21 5
22 23
22 1
23 4
24 18
24 17
2 0
13 0
2 1
11 2
21 2
5 3
18 3
18 3
10 4
22 4
10 5
22 6
23 6
18 6
0 7
16 8
11 9
1 10
15 10
19 10
3 11
0 11
9 11
13 12
3 12
20 13
9 14
2 14
21 14
1 14
21 15
24 15
8 15
17 16
7 16
21 17
8 17
24 18
5 18
21 18
4 19
15 19
3 19
23 19
10 20
4 20
17 21
4 21
22 21
5 21
23 22
1 22
4 23
18 24
17 24
15