25
134
0 24
0 20
1 2
1 17
2 4
2 13
3 9
3 11
3 17
3 22
3 4
3 5
3 22
4 17
4 22
6 7
6 15
7 10
7 1
8 18
8 19
9 16
9 13
9 14
9 1
10 8
10 20
10 14
11 19
11 20
12 1
12 13
12 18
12 8
13 12
13 15
13 18
14 18
14 17
15 16
16 0
17 3
17 9
17 22
18 3
18 3
19 24
19 22
19 21
20 8
20 23
20 7
21 13
21 12
21 8
21 9
21 14
21 1
21 12
22 5
22 17
23 16
23 24
23 2
24 3
24 8
24 19
24 0
20 0
2 1
17 1
4 2
13 2
9 3
11 3
17 3
22 3
4 3
5 3
22 3
17 4
22 4
7 6
15 6
10 7
1 7
18 8
19 8
16 9
13 9
14 9
1 9
8 10
20 10
14 10
19 11
20 11
1 12
13 12
18 12
8 12
12 13
15 13
18 13
18 14
17 14
16 15
0 16
3 17
9 17
22 17
3 18
3 18
24 19
22 19
21 19
8 20
23 20
7 20
13 21
12 21
8 21
9 21
14 21
1 21
12 21
5 22
17 22
16 23
24 23
2 23
3 24
8 24
19 24
22